    1.0000000000e+01    5.0000000000e-06
    1.0000000000e+01    4.0000000000e-06
    1.0000000000e+01    4.0000000000e-06
    1.0000000000e+01    4.0000000000e-06
    1.0000000000e+01    4.0000000000e-06
    1.0000000000e+02    8.0000000000e-06
    1.0000000000e+02    9.0000000000e-06
    1.0000000000e+02    7.0000000000e-06
    1.0000000000e+02    1.1000000000e-05
    1.0000000000e+02    8.0000000000e-06
    1.0000000000e+03    7.1000000000e-05
    1.0000000000e+03    4.8000000000e-05
    1.0000000000e+03    4.7000000000e-05
    1.0000000000e+03    4.7000000000e-05
    1.0000000000e+03    4.7000000000e-05
    1.0000000000e+04    6.3000000000e-04
    1.0000000000e+04    4.7200000000e-04
    1.0000000000e+04    4.3800000000e-04
    1.0000000000e+04    4.4300000000e-04
    1.0000000000e+04    4.4900000000e-04
    1.0000000000e+05    6.3870000000e-03
    1.0000000000e+05    4.5210000000e-03
    1.0000000000e+05    5.3200000000e-03
    1.0000000000e+05    4.4680000000e-03
    1.0000000000e+05    4.5040000000e-03
    1.0000000000e+06    6.3372000000e-02
    1.0000000000e+06    4.4510000000e-02
    1.0000000000e+06    4.4855000000e-02
    1.0000000000e+06    4.5734000000e-02
    1.0000000000e+06    4.4753000000e-02
