    1.0000000000e+01    7.0000000000e-06
    1.0000000000e+01    4.0000000000e-06
    1.0000000000e+01    4.0000000000e-06
    1.0000000000e+01    4.0000000000e-06
    1.0000000000e+01    4.0000000000e-06
    1.0000000000e+02    8.0000000000e-06
    1.0000000000e+02    6.0000000000e-06
    1.0000000000e+02    6.0000000000e-06
    1.0000000000e+02    5.0000000000e-06
    1.0000000000e+02    6.0000000000e-06
    1.0000000000e+03    3.1000000000e-05
    1.0000000000e+03    3.0000000000e-05
    1.0000000000e+03    3.1000000000e-05
    1.0000000000e+03    3.7000000000e-05
    1.0000000000e+03    3.1000000000e-05
    1.0000000000e+04    2.6900000000e-04
    1.0000000000e+04    2.6900000000e-04
    1.0000000000e+04    2.8400000000e-04
    1.0000000000e+04    2.8700000000e-04
    1.0000000000e+04    2.8600000000e-04
    1.0000000000e+05    4.6650000000e-03
    1.0000000000e+05    3.7100000000e-03
    1.0000000000e+05    2.6990000000e-03
    1.0000000000e+05    2.7370000000e-03
    1.0000000000e+05    2.7270000000e-03
    1.0000000000e+06    4.5371000000e-02
    1.0000000000e+06    2.7510000000e-02
    1.0000000000e+06    2.8044000000e-02
    1.0000000000e+06    3.0948000000e-02
    1.0000000000e+06    2.7319000000e-02
