  0.0000e+00  0.0000e+00
  1.0000e-03  8.9502e-03
  2.0000e-03  1.7801e-02
  3.0000e-03  2.6555e-02
  4.0000e-03  3.5211e-02
  5.0000e-03  4.3771e-02
  6.0000e-03  5.2236e-02
  7.0000e-03  6.0606e-02
  8.0000e-03  6.8884e-02
  9.0000e-03  7.7069e-02
  1.0000e-02  8.5163e-02
  1.1000e-02  9.3166e-02
  1.2000e-02  1.0108e-01
  1.3000e-02  1.0891e-01
  1.4000e-02  1.1664e-01
  1.5000e-02  1.2429e-01
  1.6000e-02  1.3186e-01
  1.7000e-02  1.3934e-01
  1.8000e-02  1.4673e-01
  1.9000e-02  1.5404e-01
  2.0000e-02  1.6127e-01
  2.1000e-02  1.6842e-01
  2.2000e-02  1.7548e-01
  2.3000e-02  1.8247e-01
  2.4000e-02  1.8937e-01
  2.5000e-02  1.9620e-01
  2.6000e-02  2.0295e-01
  2.7000e-02  2.0962e-01
  2.8000e-02  2.1622e-01
  2.9000e-02  2.2274e-01
  3.0000e-02  2.2918e-01
  3.1000e-02  2.3555e-01
  3.2000e-02  2.4185e-01
  3.3000e-02  2.4808e-01
  3.4000e-02  2.5423e-01
  3.5000e-02  2.6031e-01
  3.6000e-02  2.6633e-01
  3.7000e-02  2.7227e-01
  3.8000e-02  2.7814e-01
  3.9000e-02  2.8394e-01
  4.0000e-02  2.8968e-01
  4.1000e-02  2.9535e-01
  4.2000e-02  3.0096e-01
  4.3000e-02  3.0649e-01
  4.4000e-02  3.1197e-01
  4.5000e-02  3.1737e-01
  4.6000e-02  3.2272e-01
  4.7000e-02  3.2800e-01
  4.8000e-02  3.3322e-01
  4.9000e-02  3.3838e-01
  5.0000e-02  3.4347e-01
  5.1000e-02  3.4851e-01
  5.2000e-02  3.5348e-01
  5.3000e-02  3.5840e-01
  5.4000e-02  3.6325e-01
  5.5000e-02  3.6805e-01
  5.6000e-02  3.7279e-01
  5.7000e-02  3.7748e-01
  5.8000e-02  3.8210e-01
  5.9000e-02  3.8668e-01
  6.0000e-02  3.9119e-01
  6.1000e-02  3.9565e-01
  6.2000e-02  4.0006e-01
  6.3000e-02  4.0441e-01
  6.4000e-02  4.0871e-01
  6.5000e-02  4.1296e-01
  6.6000e-02  4.1715e-01
  6.7000e-02  4.2129e-01
  6.8000e-02  4.2539e-01
  6.9000e-02  4.2943e-01
  7.0000e-02  4.3342e-01
  7.1000e-02  4.3736e-01
  7.2000e-02  4.4125e-01
  7.3000e-02  4.4509e-01
  7.4000e-02  4.4889e-01
  7.5000e-02  4.5264e-01
  7.6000e-02  4.5634e-01
  7.7000e-02  4.5999e-01
  7.8000e-02  4.6360e-01
  7.9000e-02  4.6716e-01
  8.0000e-02  4.7067e-01
  8.1000e-02  4.7415e-01
  8.2000e-02  4.7757e-01
  8.3000e-02  4.8095e-01
  8.4000e-02  4.8429e-01
  8.5000e-02  4.8759e-01
  8.6000e-02  4.9084e-01
  8.7000e-02  4.9405e-01
  8.8000e-02  4.9722e-01
  8.9000e-02  5.0035e-01
  9.0000e-02  5.0343e-01
  9.1000e-02  5.0648e-01
  9.2000e-02  5.0949e-01
  9.3000e-02  5.1245e-01
  9.4000e-02  5.1538e-01
  9.5000e-02  5.1826e-01
  9.6000e-02  5.2111e-01
  9.7000e-02  5.2392e-01
  9.8000e-02  5.2669e-01
  9.9000e-02  5.2943e-01
  1.0000e-01  5.3213e-01
  1.0100e-01  5.3479e-01
  1.0200e-01  5.3741e-01
  1.0300e-01  5.4000e-01
  1.0400e-01  5.4255e-01
  1.0500e-01  5.4507e-01
  1.0600e-01  5.4755e-01
  1.0700e-01  5.5000e-01
  1.0800e-01  5.5241e-01
  1.0900e-01  5.5479e-01
  1.1000e-01  5.5713e-01
  1.1100e-01  5.5945e-01
  1.1200e-01  5.6173e-01
  1.1300e-01  5.6397e-01
  1.1400e-01  5.6619e-01
  1.1500e-01  5.6837e-01
  1.1600e-01  5.7052e-01
  1.1700e-01  5.7264e-01
  1.1800e-01  5.7473e-01
  1.1900e-01  5.7678e-01
  1.2000e-01  5.7881e-01
  1.2100e-01  5.8081e-01
  1.2200e-01  5.8278e-01
  1.2300e-01  5.8471e-01
  1.2400e-01  5.8662e-01
  1.2500e-01  5.8850e-01
  1.2600e-01  5.9035e-01
  1.2700e-01  5.9217e-01
  1.2800e-01  5.9397e-01
  1.2900e-01  5.9574e-01
  1.3000e-01  5.9747e-01
  1.3100e-01  5.9919e-01
  1.3200e-01  6.0087e-01
  1.3300e-01  6.0253e-01
  1.3400e-01  6.0416e-01
  1.3500e-01  6.0577e-01
  1.3600e-01  6.0735e-01
  1.3700e-01  6.0890e-01
  1.3800e-01  6.1043e-01
  1.3900e-01  6.1193e-01
  1.4000e-01  6.1341e-01
  1.4100e-01  6.1486e-01
  1.4200e-01  6.1629e-01
  1.4300e-01  6.1770e-01
  1.4400e-01  6.1908e-01
  1.4500e-01  6.2044e-01
  1.4600e-01  6.2177e-01
  1.4700e-01  6.2308e-01
  1.4800e-01  6.2437e-01
  1.4900e-01  6.2563e-01
  1.5000e-01  6.2688e-01
  1.5100e-01  6.2810e-01
  1.5200e-01  6.2930e-01
  1.5300e-01  6.3047e-01
  1.5400e-01  6.3163e-01
  1.5500e-01  6.3276e-01
  1.5600e-01  6.3387e-01
  1.5700e-01  6.3496e-01
  1.5800e-01  6.3603e-01
  1.5900e-01  6.3708e-01
  1.6000e-01  6.3811e-01
  1.6100e-01  6.3912e-01
  1.6200e-01  6.4011e-01
  1.6300e-01  6.4108e-01
  1.6400e-01  6.4203e-01
  1.6500e-01  6.4296e-01
  1.6600e-01  6.4387e-01
  1.6700e-01  6.4476e-01
  1.6800e-01  6.4563e-01
  1.6900e-01  6.4649e-01
  1.7000e-01  6.4732e-01
  1.7100e-01  6.4814e-01
  1.7200e-01  6.4894e-01
  1.7300e-01  6.4972e-01
  1.7400e-01  6.5049e-01
  1.7500e-01  6.5123e-01
  1.7600e-01  6.5196e-01
  1.7700e-01  6.5268e-01
  1.7800e-01  6.5337e-01
  1.7900e-01  6.5405e-01
  1.8000e-01  6.5471e-01
  1.8100e-01  6.5535e-01
  1.8200e-01  6.5598e-01
  1.8300e-01  6.5659e-01
  1.8400e-01  6.5719e-01
  1.8500e-01  6.5777e-01
  1.8600e-01  6.5834e-01
  1.8700e-01  6.5888e-01
  1.8800e-01  6.5942e-01
  1.8900e-01  6.5994e-01
  1.9000e-01  6.6044e-01
  1.9100e-01  6.6093e-01
  1.9200e-01  6.6140e-01
  1.9300e-01  6.6186e-01
  1.9400e-01  6.6230e-01
  1.9500e-01  6.6273e-01
  1.9600e-01  6.6315e-01
  1.9700e-01  6.6355e-01
  1.9800e-01  6.6394e-01
  1.9900e-01  6.6431e-01
  2.0000e-01  6.6467e-01
  2.0100e-01  6.6502e-01
  2.0200e-01  6.6535e-01
  2.0300e-01  6.6567e-01
  2.0400e-01  6.6598e-01
  2.0500e-01  6.6627e-01
  2.0600e-01  6.6656e-01
  2.0700e-01  6.6682e-01
  2.0800e-01  6.6708e-01
  2.0900e-01  6.6732e-01
  2.1000e-01  6.6755e-01
  2.1100e-01  6.6777e-01
  2.1200e-01  6.6798e-01
  2.1300e-01  6.6817e-01
  2.1400e-01  6.6835e-01
  2.1500e-01  6.6853e-01
  2.1600e-01  6.6868e-01
  2.1700e-01  6.6883e-01
  2.1800e-01  6.6897e-01
  2.1900e-01  6.6909e-01
  2.2000e-01  6.6921e-01
  2.2100e-01  6.6931e-01
  2.2200e-01  6.6940e-01
  2.2300e-01  6.6948e-01
  2.2400e-01  6.6955e-01
  2.2500e-01  6.6961e-01
  2.2600e-01  6.6966e-01
  2.2700e-01  6.6970e-01
  2.2800e-01  6.6973e-01
  2.2900e-01  6.6974e-01
  2.3000e-01  6.6975e-01
  2.3100e-01  6.6975e-01
  2.3200e-01  6.6974e-01
  2.3300e-01  6.6971e-01
  2.3400e-01  6.6968e-01
  2.3500e-01  6.6964e-01
  2.3600e-01  6.6959e-01
  2.3700e-01  6.6953e-01
  2.3800e-01  6.6946e-01
  2.3900e-01  6.6938e-01
  2.4000e-01  6.6929e-01
  2.4100e-01  6.6920e-01
  2.4200e-01  6.6909e-01
  2.4300e-01  6.6897e-01
  2.4400e-01  6.6885e-01
  2.4500e-01  6.6872e-01
  2.4600e-01  6.6858e-01
  2.4700e-01  6.6843e-01
  2.4800e-01  6.6827e-01
  2.4900e-01  6.6810e-01
  2.5000e-01  6.6793e-01
  2.5100e-01  6.6774e-01
  2.5200e-01  6.6755e-01
  2.5300e-01  6.6735e-01
  2.5400e-01  6.6715e-01
  2.5500e-01  6.6693e-01
  2.5600e-01  6.6671e-01
  2.5700e-01  6.6648e-01
  2.5800e-01  6.6624e-01
  2.5900e-01  6.6599e-01
  2.6000e-01  6.6574e-01
  2.6100e-01  6.6548e-01
  2.6200e-01  6.6521e-01
  2.6300e-01  6.6493e-01
  2.6400e-01  6.6465e-01
  2.6500e-01  6.6436e-01
  2.6600e-01  6.6406e-01
  2.6700e-01  6.6376e-01
  2.6800e-01  6.6345e-01
  2.6900e-01  6.6313e-01
  2.7000e-01  6.6281e-01
  2.7100e-01  6.6248e-01
  2.7200e-01  6.6214e-01
  2.7300e-01  6.6179e-01
  2.7400e-01  6.6144e-01
  2.7500e-01  6.6108e-01
  2.7600e-01  6.6072e-01
  2.7700e-01  6.6035e-01
  2.7800e-01  6.5997e-01
  2.7900e-01  6.5959e-01
  2.8000e-01  6.5920e-01
  2.8100e-01  6.5881e-01
  2.8200e-01  6.5841e-01
  2.8300e-01  6.5800e-01
  2.8400e-01  6.5759e-01
  2.8500e-01  6.5717e-01
  2.8600e-01  6.5674e-01
  2.8700e-01  6.5631e-01
  2.8800e-01  6.5588e-01
  2.8900e-01  6.5544e-01
  2.9000e-01  6.5499e-01
  2.9100e-01  6.5454e-01
  2.9200e-01  6.5408e-01
  2.9300e-01  6.5362e-01
  2.9400e-01  6.5315e-01
  2.9500e-01  6.5267e-01
  2.9600e-01  6.5219e-01
  2.9700e-01  6.5171e-01
  2.9800e-01  6.5122e-01
  2.9900e-01  6.5073e-01
  3.0000e-01  6.5023e-01
  3.0100e-01  6.4972e-01
  3.0200e-01  6.4921e-01
  3.0300e-01  6.4870e-01
  3.0400e-01  6.4818e-01
  3.0500e-01  6.4765e-01
  3.0600e-01  6.4713e-01
  3.0700e-01  6.4659e-01
  3.0800e-01  6.4605e-01
  3.0900e-01  6.4551e-01
  3.1000e-01  6.4496e-01
  3.1100e-01  6.4441e-01
  3.1200e-01  6.4386e-01
  3.1300e-01  6.4330e-01
  3.1400e-01  6.4273e-01
  3.1500e-01  6.4216e-01
  3.1600e-01  6.4159e-01
  3.1700e-01  6.4101e-01
  3.1800e-01  6.4043e-01
  3.1900e-01  6.3984e-01
  3.2000e-01  6.3925e-01
  3.2100e-01  6.3866e-01
  3.2200e-01  6.3806e-01
  3.2300e-01  6.3746e-01
  3.2400e-01  6.3685e-01
  3.2500e-01  6.3624e-01
  3.2600e-01  6.3563e-01
  3.2700e-01  6.3501e-01
  3.2800e-01  6.3439e-01
  3.2900e-01  6.3376e-01
  3.3000e-01  6.3313e-01
  3.3100e-01  6.3250e-01
  3.3200e-01  6.3186e-01
  3.3300e-01  6.3122e-01
  3.3400e-01  6.3058e-01
  3.3500e-01  6.2993e-01
  3.3600e-01  6.2928e-01
  3.3700e-01  6.2863e-01
  3.3800e-01  6.2797e-01
  3.3900e-01  6.2731e-01
  3.4000e-01  6.2664e-01
  3.4100e-01  6.2597e-01
  3.4200e-01  6.2530e-01
  3.4300e-01  6.2463e-01
  3.4400e-01  6.2395e-01
  3.4500e-01  6.2327e-01
  3.4600e-01  6.2259e-01
  3.4700e-01  6.2190e-01
  3.4800e-01  6.2121e-01
  3.4900e-01  6.2051e-01
  3.5000e-01  6.1982e-01
  3.5100e-01  6.1912e-01
  3.5200e-01  6.1842e-01
  3.5300e-01  6.1771e-01
  3.5400e-01  6.1700e-01
  3.5500e-01  6.1629e-01
  3.5600e-01  6.1558e-01
  3.5700e-01  6.1486e-01
  3.5800e-01  6.1414e-01
  3.5900e-01  6.1342e-01
  3.6000e-01  6.1269e-01
  3.6100e-01  6.1196e-01
  3.6200e-01  6.1123e-01
  3.6300e-01  6.1050e-01
  3.6400e-01  6.0976e-01
  3.6500e-01  6.0903e-01
  3.6600e-01  6.0828e-01
  3.6700e-01  6.0754e-01
  3.6800e-01  6.0679e-01
  3.6900e-01  6.0604e-01
  3.7000e-01  6.0529e-01
  3.7100e-01  6.0454e-01
  3.7200e-01  6.0378e-01
  3.7300e-01  6.0302e-01
  3.7400e-01  6.0226e-01
  3.7500e-01  6.0150e-01
  3.7600e-01  6.0073e-01
  3.7700e-01  5.9997e-01
  3.7800e-01  5.9919e-01
  3.7900e-01  5.9842e-01
  3.8000e-01  5.9765e-01
  3.8100e-01  5.9687e-01
  3.8200e-01  5.9609e-01
  3.8300e-01  5.9531e-01
  3.8400e-01  5.9452e-01
  3.8500e-01  5.9374e-01
  3.8600e-01  5.9295e-01
  3.8700e-01  5.9216e-01
  3.8800e-01  5.9137e-01
  3.8900e-01  5.9057e-01
  3.9000e-01  5.8978e-01
  3.9100e-01  5.8898e-01
  3.9200e-01  5.8818e-01
  3.9300e-01  5.8737e-01
  3.9400e-01  5.8657e-01
  3.9500e-01  5.8576e-01
  3.9600e-01  5.8495e-01
  3.9700e-01  5.8414e-01
  3.9800e-01  5.8333e-01
  3.9900e-01  5.8252e-01
  4.0000e-01  5.8170e-01
  4.0100e-01  5.8088e-01
  4.0200e-01  5.8007e-01
  4.0300e-01  5.7924e-01
  4.0400e-01  5.7842e-01
  4.0500e-01  5.7760e-01
  4.0600e-01  5.7677e-01
  4.0700e-01  5.7594e-01
  4.0800e-01  5.7511e-01
  4.0900e-01  5.7428e-01
  4.1000e-01  5.7345e-01
  4.1100e-01  5.7261e-01
  4.1200e-01  5.7177e-01
  4.1300e-01  5.7094e-01
  4.1400e-01  5.7010e-01
  4.1500e-01  5.6925e-01
  4.1600e-01  5.6841e-01
  4.1700e-01  5.6757e-01
  4.1800e-01  5.6672e-01
  4.1900e-01  5.6587e-01
  4.2000e-01  5.6502e-01
  4.2100e-01  5.6417e-01
  4.2200e-01  5.6332e-01
  4.2300e-01  5.6247e-01
  4.2400e-01  5.6161e-01
  4.2500e-01  5.6076e-01
  4.2600e-01  5.5990e-01
  4.2700e-01  5.5904e-01
  4.2800e-01  5.5818e-01
  4.2900e-01  5.5731e-01
  4.3000e-01  5.5645e-01
  4.3100e-01  5.5559e-01
  4.3200e-01  5.5472e-01
  4.3300e-01  5.5385e-01
  4.3400e-01  5.5298e-01
  4.3500e-01  5.5211e-01
  4.3600e-01  5.5124e-01
  4.3700e-01  5.5037e-01
  4.3800e-01  5.4949e-01
  4.3900e-01  5.4862e-01
  4.4000e-01  5.4774e-01
  4.4100e-01  5.4686e-01
  4.4200e-01  5.4599e-01
  4.4300e-01  5.4511e-01
  4.4400e-01  5.4422e-01
  4.4500e-01  5.4334e-01
  4.4600e-01  5.4246e-01
  4.4700e-01  5.4157e-01
  4.4800e-01  5.4069e-01
  4.4900e-01  5.3980e-01
  4.5000e-01  5.3891e-01
  4.5100e-01  5.3802e-01
  4.5200e-01  5.3713e-01
  4.5300e-01  5.3624e-01
  4.5400e-01  5.3535e-01
  4.5500e-01  5.3445e-01
  4.5600e-01  5.3356e-01
  4.5700e-01  5.3266e-01
  4.5800e-01  5.3177e-01
  4.5900e-01  5.3087e-01
  4.6000e-01  5.2997e-01
  4.6100e-01  5.2907e-01
  4.6200e-01  5.2817e-01
  4.6300e-01  5.2727e-01
  4.6400e-01  5.2636e-01
  4.6500e-01  5.2546e-01
  4.6600e-01  5.2455e-01
  4.6700e-01  5.2365e-01
  4.6800e-01  5.2274e-01
  4.6900e-01  5.2183e-01
  4.7000e-01  5.2093e-01
  4.7100e-01  5.2002e-01
  4.7200e-01  5.1911e-01
  4.7300e-01  5.1820e-01
  4.7400e-01  5.1728e-01
  4.7500e-01  5.1637e-01
  4.7600e-01  5.1546e-01
  4.7700e-01  5.1454e-01
  4.7800e-01  5.1363e-01
  4.7900e-01  5.1271e-01
  4.8000e-01  5.1179e-01
  4.8100e-01  5.1087e-01
  4.8200e-01  5.0996e-01
  4.8300e-01  5.0904e-01
  4.8400e-01  5.0811e-01
  4.8500e-01  5.0719e-01
  4.8600e-01  5.0627e-01
  4.8700e-01  5.0535e-01
  4.8800e-01  5.0443e-01
  4.8900e-01  5.0350e-01
  4.9000e-01  5.0258e-01
  4.9100e-01  5.0165e-01
  4.9200e-01  5.0072e-01
  4.9300e-01  4.9980e-01
  4.9400e-01  4.9887e-01
  4.9500e-01  4.9794e-01
  4.9600e-01  4.9701e-01
  4.9700e-01  4.9608e-01
  4.9800e-01  4.9515e-01
  4.9900e-01  4.9422e-01
  5.0000e-01  4.9328e-01
  5.0100e-01  4.9235e-01
  5.0200e-01  4.9142e-01
  5.0300e-01  4.9048e-01
  5.0400e-01  4.8955e-01
  5.0500e-01  4.8861e-01
  5.0600e-01  4.8768e-01
  5.0700e-01  4.8674e-01
  5.0800e-01  4.8580e-01
  5.0900e-01  4.8487e-01
  5.1000e-01  4.8393e-01
  5.1100e-01  4.8299e-01
  5.1200e-01  4.8205e-01
  5.1300e-01  4.8111e-01
  5.1400e-01  4.8017e-01
  5.1500e-01  4.7922e-01
  5.1600e-01  4.7828e-01
  5.1700e-01  4.7734e-01
  5.1800e-01  4.7640e-01
  5.1900e-01  4.7545e-01
  5.2000e-01  4.7451e-01
  5.2100e-01  4.7356e-01
  5.2200e-01  4.7262e-01
  5.2300e-01  4.7167e-01
  5.2400e-01  4.7072e-01
  5.2500e-01  4.6978e-01
  5.2600e-01  4.6883e-01
  5.2700e-01  4.6788e-01
  5.2800e-01  4.6693e-01
  5.2900e-01  4.6598e-01
  5.3000e-01  4.6503e-01
  5.3100e-01  4.6408e-01
  5.3200e-01  4.6313e-01
  5.3300e-01  4.6218e-01
  5.3400e-01  4.6123e-01
  5.3500e-01  4.6028e-01
  5.3600e-01  4.5932e-01
  5.3700e-01  4.5837e-01
  5.3800e-01  4.5742e-01
  5.3900e-01  4.5646e-01
  5.4000e-01  4.5551e-01
  5.4100e-01  4.5455e-01
  5.4200e-01  4.5360e-01
  5.4300e-01  4.5264e-01
  5.4400e-01  4.5169e-01
  5.4500e-01  4.5073e-01
  5.4600e-01  4.4977e-01
  5.4700e-01  4.4881e-01
  5.4800e-01  4.4786e-01
  5.4900e-01  4.4690e-01
  5.5000e-01  4.4594e-01
  5.5100e-01  4.4498e-01
  5.5200e-01  4.4402e-01
  5.5300e-01  4.4306e-01
  5.5400e-01  4.4210e-01
  5.5500e-01  4.4114e-01
  5.5600e-01  4.4018e-01
  5.5700e-01  4.3921e-01
  5.5800e-01  4.3825e-01
  5.5900e-01  4.3729e-01
  5.6000e-01  4.3633e-01
  5.6100e-01  4.3536e-01
  5.6200e-01  4.3440e-01
  5.6300e-01  4.3344e-01
  5.6400e-01  4.3247e-01
  5.6500e-01  4.3151e-01
  5.6600e-01  4.3054e-01
  5.6700e-01  4.2958e-01
  5.6800e-01  4.2861e-01
  5.6900e-01  4.2765e-01
  5.7000e-01  4.2668e-01
  5.7100e-01  4.2571e-01
  5.7200e-01  4.2475e-01
  5.7300e-01  4.2378e-01
  5.7400e-01  4.2281e-01
  5.7500e-01  4.2184e-01
  5.7600e-01  4.2088e-01
  5.7700e-01  4.1991e-01
  5.7800e-01  4.1894e-01
  5.7900e-01  4.1797e-01
  5.8000e-01  4.1700e-01
  5.8100e-01  4.1603e-01
  5.8200e-01  4.1506e-01
  5.8300e-01  4.1409e-01
  5.8400e-01  4.1312e-01
  5.8500e-01  4.1215e-01
  5.8600e-01  4.1118e-01
  5.8700e-01  4.1020e-01
  5.8800e-01  4.0923e-01
  5.8900e-01  4.0826e-01
  5.9000e-01  4.0729e-01
  5.9100e-01  4.0631e-01
  5.9200e-01  4.0534e-01
  5.9300e-01  4.0437e-01
  5.9400e-01  4.0339e-01
  5.9500e-01  4.0242e-01
  5.9600e-01  4.0145e-01
  5.9700e-01  4.0047e-01
  5.9800e-01  3.9950e-01
  5.9900e-01  3.9852e-01
  6.0000e-01  3.9755e-01
  6.0100e-01  3.9657e-01
  6.0200e-01  3.9560e-01
  6.0300e-01  3.9462e-01
  6.0400e-01  3.9365e-01
  6.0500e-01  3.9267e-01
  6.0600e-01  3.9169e-01
  6.0700e-01  3.9072e-01
  6.0800e-01  3.8974e-01
  6.0900e-01  3.8876e-01
  6.1000e-01  3.8778e-01
  6.1100e-01  3.8681e-01
  6.1200e-01  3.8583e-01
  6.1300e-01  3.8485e-01
  6.1400e-01  3.8387e-01
  6.1500e-01  3.8289e-01
  6.1600e-01  3.8192e-01
  6.1700e-01  3.8094e-01
  6.1800e-01  3.7996e-01
  6.1900e-01  3.7898e-01
  6.2000e-01  3.7800e-01
  6.2100e-01  3.7702e-01
  6.2200e-01  3.7604e-01
  6.2300e-01  3.7506e-01
  6.2400e-01  3.7408e-01
  6.2500e-01  3.7310e-01
  6.2600e-01  3.7212e-01
  6.2700e-01  3.7114e-01
  6.2800e-01  3.7016e-01
  6.2900e-01  3.6917e-01
  6.3000e-01  3.6819e-01
  6.3100e-01  3.6721e-01
  6.3200e-01  3.6623e-01
  6.3300e-01  3.6525e-01
  6.3400e-01  3.6426e-01
  6.3500e-01  3.6328e-01
  6.3600e-01  3.6230e-01
  6.3700e-01  3.6132e-01
  6.3800e-01  3.6033e-01
  6.3900e-01  3.5935e-01
  6.4000e-01  3.5837e-01
  6.4100e-01  3.5738e-01
  6.4200e-01  3.5640e-01
  6.4300e-01  3.5542e-01
  6.4400e-01  3.5443e-01
  6.4500e-01  3.5345e-01
  6.4600e-01  3.5246e-01
  6.4700e-01  3.5148e-01
  6.4800e-01  3.5050e-01
  6.4900e-01  3.4951e-01
  6.5000e-01  3.4853e-01
  6.5100e-01  3.4754e-01
  6.5200e-01  3.4656e-01
  6.5300e-01  3.4557e-01
  6.5400e-01  3.4459e-01
  6.5500e-01  3.4360e-01
  6.5600e-01  3.4261e-01
  6.5700e-01  3.4163e-01
  6.5800e-01  3.4064e-01
  6.5900e-01  3.3966e-01
  6.6000e-01  3.3867e-01
  6.6100e-01  3.3768e-01
  6.6200e-01  3.3670e-01
  6.6300e-01  3.3571e-01
  6.6400e-01  3.3472e-01
  6.6500e-01  3.3374e-01
  6.6600e-01  3.3275e-01
  6.6700e-01  3.3176e-01
  6.6800e-01  3.3077e-01
  6.6900e-01  3.2979e-01
  6.7000e-01  3.2880e-01
  6.7100e-01  3.2781e-01
  6.7200e-01  3.2682e-01
  6.7300e-01  3.2584e-01
  6.7400e-01  3.2485e-01
  6.7500e-01  3.2386e-01
  6.7600e-01  3.2287e-01
  6.7700e-01  3.2188e-01
  6.7800e-01  3.2089e-01
  6.7900e-01  3.1991e-01
  6.8000e-01  3.1892e-01
  6.8100e-01  3.1793e-01
  6.8200e-01  3.1694e-01
  6.8300e-01  3.1595e-01
  6.8400e-01  3.1496e-01
  6.8500e-01  3.1397e-01
  6.8600e-01  3.1298e-01
  6.8700e-01  3.1199e-01
  6.8800e-01  3.1100e-01
  6.8900e-01  3.1001e-01
  6.9000e-01  3.0902e-01
  6.9100e-01  3.0803e-01
  6.9200e-01  3.0704e-01
  6.9300e-01  3.0605e-01
  6.9400e-01  3.0506e-01
  6.9500e-01  3.0407e-01
  6.9600e-01  3.0308e-01
  6.9700e-01  3.0209e-01
  6.9800e-01  3.0110e-01
  6.9900e-01  3.0011e-01
  7.0000e-01  2.9912e-01
  7.0100e-01  2.9813e-01
  7.0200e-01  2.9714e-01
  7.0300e-01  2.9615e-01
  7.0400e-01  2.9516e-01
  7.0500e-01  2.9416e-01
  7.0600e-01  2.9317e-01
  7.0700e-01  2.9218e-01
  7.0800e-01  2.9119e-01
  7.0900e-01  2.9020e-01
  7.1000e-01  2.8921e-01
  7.1100e-01  2.8822e-01
  7.1200e-01  2.8722e-01
  7.1300e-01  2.8623e-01
  7.1400e-01  2.8524e-01
  7.1500e-01  2.8425e-01
  7.1600e-01  2.8326e-01
  7.1700e-01  2.8226e-01
  7.1800e-01  2.8127e-01
  7.1900e-01  2.8028e-01
  7.2000e-01  2.7929e-01
  7.2100e-01  2.7829e-01
  7.2200e-01  2.7730e-01
  7.2300e-01  2.7631e-01
  7.2400e-01  2.7532e-01
  7.2500e-01  2.7432e-01
  7.2600e-01  2.7333e-01
  7.2700e-01  2.7234e-01
  7.2800e-01  2.7134e-01
  7.2900e-01  2.7035e-01
  7.3000e-01  2.6936e-01
  7.3100e-01  2.6836e-01
  7.3200e-01  2.6737e-01
  7.3300e-01  2.6638e-01
  7.3400e-01  2.6538e-01
  7.3500e-01  2.6439e-01
  7.3600e-01  2.6340e-01
  7.3700e-01  2.6240e-01
  7.3800e-01  2.6141e-01
  7.3900e-01  2.6042e-01
  7.4000e-01  2.5942e-01
  7.4100e-01  2.5843e-01
  7.4200e-01  2.5743e-01
  7.4300e-01  2.5644e-01
  7.4400e-01  2.5545e-01
  7.4500e-01  2.5445e-01
  7.4600e-01  2.5346e-01
  7.4700e-01  2.5246e-01
  7.4800e-01  2.5147e-01
  7.4900e-01  2.5048e-01
  7.5000e-01  2.4948e-01
  7.5100e-01  2.4849e-01
  7.5200e-01  2.4749e-01
  7.5300e-01  2.4650e-01
  7.5400e-01  2.4550e-01
  7.5500e-01  2.4451e-01
  7.5600e-01  2.4351e-01
  7.5700e-01  2.4252e-01
  7.5800e-01  2.4152e-01
  7.5900e-01  2.4053e-01
  7.6000e-01  2.3953e-01
  7.6100e-01  2.3854e-01
  7.6200e-01  2.3754e-01
  7.6300e-01  2.3655e-01
  7.6400e-01  2.3555e-01
  7.6500e-01  2.3456e-01
  7.6600e-01  2.3356e-01
  7.6700e-01  2.3257e-01
  7.6800e-01  2.3157e-01
  7.6900e-01  2.3058e-01
  7.7000e-01  2.2958e-01
  7.7100e-01  2.2859e-01
  7.7200e-01  2.2759e-01
  7.7300e-01  2.2660e-01
  7.7400e-01  2.2560e-01
  7.7500e-01  2.2460e-01
  7.7600e-01  2.2361e-01
  7.7700e-01  2.2261e-01
  7.7800e-01  2.2162e-01
  7.7900e-01  2.2062e-01
  7.8000e-01  2.1963e-01
  7.8100e-01  2.1863e-01
  7.8200e-01  2.1763e-01
  7.8300e-01  2.1664e-01
  7.8400e-01  2.1564e-01
  7.8500e-01  2.1465e-01
  7.8600e-01  2.1365e-01
  7.8700e-01  2.1265e-01
  7.8800e-01  2.1166e-01
  7.8900e-01  2.1066e-01
  7.9000e-01  2.0967e-01
  7.9100e-01  2.0867e-01
  7.9200e-01  2.0767e-01
  7.9300e-01  2.0668e-01
  7.9400e-01  2.0568e-01
  7.9500e-01  2.0468e-01
  7.9600e-01  2.0369e-01
  7.9700e-01  2.0269e-01
  7.9800e-01  2.0169e-01
  7.9900e-01  2.0070e-01
  8.0000e-01  1.9970e-01
  8.0100e-01  1.9870e-01
  8.0200e-01  1.9771e-01
  8.0300e-01  1.9671e-01
  8.0400e-01  1.9571e-01
  8.0500e-01  1.9472e-01
  8.0600e-01  1.9372e-01
  8.0700e-01  1.9272e-01
  8.0800e-01  1.9173e-01
  8.0900e-01  1.9073e-01
  8.1000e-01  1.8973e-01
  8.1100e-01  1.8874e-01
  8.1200e-01  1.8774e-01
  8.1300e-01  1.8674e-01
  8.1400e-01  1.8575e-01
  8.1500e-01  1.8475e-01
  8.1600e-01  1.8375e-01
  8.1700e-01  1.8275e-01
  8.1800e-01  1.8176e-01
  8.1900e-01  1.8076e-01
  8.2000e-01  1.7976e-01
  8.2100e-01  1.7877e-01
  8.2200e-01  1.7777e-01
  8.2300e-01  1.7677e-01
  8.2400e-01  1.7577e-01
  8.2500e-01  1.7478e-01
  8.2600e-01  1.7378e-01
  8.2700e-01  1.7278e-01
  8.2800e-01  1.7178e-01
  8.2900e-01  1.7079e-01
  8.3000e-01  1.6979e-01
  8.3100e-01  1.6879e-01
  8.3200e-01  1.6779e-01
  8.3300e-01  1.6680e-01
  8.3400e-01  1.6580e-01
  8.3500e-01  1.6480e-01
  8.3600e-01  1.6380e-01
  8.3700e-01  1.6281e-01
  8.3800e-01  1.6181e-01
  8.3900e-01  1.6081e-01
  8.4000e-01  1.5981e-01
  8.4100e-01  1.5882e-01
  8.4200e-01  1.5782e-01
  8.4300e-01  1.5682e-01
  8.4400e-01  1.5582e-01
  8.4500e-01  1.5482e-01
  8.4600e-01  1.5383e-01
  8.4700e-01  1.5283e-01
  8.4800e-01  1.5183e-01
  8.4900e-01  1.5083e-01
  8.5000e-01  1.4984e-01
  8.5100e-01  1.4884e-01
  8.5200e-01  1.4784e-01
  8.5300e-01  1.4684e-01
  8.5400e-01  1.4584e-01
  8.5500e-01  1.4485e-01
  8.5600e-01  1.4385e-01
  8.5700e-01  1.4285e-01
  8.5800e-01  1.4185e-01
  8.5900e-01  1.4085e-01
  8.6000e-01  1.3985e-01
  8.6100e-01  1.3886e-01
  8.6200e-01  1.3786e-01
  8.6300e-01  1.3686e-01
  8.6400e-01  1.3586e-01
  8.6500e-01  1.3486e-01
  8.6600e-01  1.3387e-01
  8.6700e-01  1.3287e-01
  8.6800e-01  1.3187e-01
  8.6900e-01  1.3087e-01
  8.7000e-01  1.2987e-01
  8.7100e-01  1.2887e-01
  8.7200e-01  1.2788e-01
  8.7300e-01  1.2688e-01
  8.7400e-01  1.2588e-01
  8.7500e-01  1.2488e-01
  8.7600e-01  1.2388e-01
  8.7700e-01  1.2288e-01
  8.7800e-01  1.2189e-01
  8.7900e-01  1.2089e-01
  8.8000e-01  1.1989e-01
  8.8100e-01  1.1889e-01
  8.8200e-01  1.1789e-01
  8.8300e-01  1.1689e-01
  8.8400e-01  1.1590e-01
  8.8500e-01  1.1490e-01
  8.8600e-01  1.1390e-01
  8.8700e-01  1.1290e-01
  8.8800e-01  1.1190e-01
  8.8900e-01  1.1090e-01
  8.9000e-01  1.0990e-01
  8.9100e-01  1.0891e-01
  8.9200e-01  1.0791e-01
  8.9300e-01  1.0691e-01
  8.9400e-01  1.0591e-01
  8.9500e-01  1.0491e-01
  8.9600e-01  1.0391e-01
  8.9700e-01  1.0291e-01
  8.9800e-01  1.0191e-01
  8.9900e-01  1.0092e-01
  9.0000e-01  9.9917e-02
  9.0100e-01  9.8919e-02
  9.0200e-01  9.7920e-02
  9.0300e-01  9.6921e-02
  9.0400e-01  9.5922e-02
  9.0500e-01  9.4924e-02
  9.0600e-01  9.3925e-02
  9.0700e-01  9.2926e-02
  9.0800e-01  9.1927e-02
  9.0900e-01  9.0928e-02
  9.1000e-01  8.9930e-02
  9.1100e-01  8.8931e-02
  9.1200e-01  8.7932e-02
  9.1300e-01  8.6933e-02
  9.1400e-01  8.5934e-02
  9.1500e-01  8.4935e-02
  9.1600e-01  8.3936e-02
  9.1700e-01  8.2938e-02
  9.1800e-01  8.1939e-02
  9.1900e-01  8.0940e-02
  9.2000e-01  7.9941e-02
  9.2100e-01  7.8942e-02
  9.2200e-01  7.7943e-02
  9.2300e-01  7.6944e-02
  9.2400e-01  7.5945e-02
  9.2500e-01  7.4946e-02
  9.2600e-01  7.3947e-02
  9.2700e-01  7.2948e-02
  9.2800e-01  7.1949e-02
  9.2900e-01  7.0950e-02
  9.3000e-01  6.9951e-02
  9.3100e-01  6.8952e-02
  9.3200e-01  6.7953e-02
  9.3300e-01  6.6954e-02
  9.3400e-01  6.5955e-02
  9.3500e-01  6.4955e-02
  9.3600e-01  6.3956e-02
  9.3700e-01  6.2957e-02
  9.3800e-01  6.1958e-02
  9.3900e-01  6.0959e-02
  9.4000e-01  5.9960e-02
  9.4100e-01  5.8961e-02
  9.4200e-01  5.7962e-02
  9.4300e-01  5.6963e-02
  9.4400e-01  5.5963e-02
  9.4500e-01  5.4964e-02
  9.4600e-01  5.3965e-02
  9.4700e-01  5.2966e-02
  9.4800e-01  5.1967e-02
  9.4900e-01  5.0967e-02
  9.5000e-01  4.9968e-02
  9.5100e-01  4.8969e-02
  9.5200e-01  4.7970e-02
  9.5300e-01  4.6971e-02
  9.5400e-01  4.5971e-02
  9.5500e-01  4.4972e-02
  9.5600e-01  4.3973e-02
  9.5700e-01  4.2974e-02
  9.5800e-01  4.1974e-02
  9.5900e-01  4.0975e-02
  9.6000e-01  3.9976e-02
  9.6100e-01  3.8977e-02
  9.6200e-01  3.7977e-02
  9.6300e-01  3.6978e-02
  9.6400e-01  3.5979e-02
  9.6500e-01  3.4979e-02
  9.6600e-01  3.3980e-02
  9.6700e-01  3.2981e-02
  9.6800e-01  3.1981e-02
  9.6900e-01  3.0982e-02
  9.7000e-01  2.9983e-02
  9.7100e-01  2.8983e-02
  9.7200e-01  2.7984e-02
  9.7300e-01  2.6985e-02
  9.7400e-01  2.5985e-02
  9.7500e-01  2.4986e-02
  9.7600e-01  2.3987e-02
  9.7700e-01  2.2987e-02
  9.7800e-01  2.1988e-02
  9.7900e-01  2.0988e-02
  9.8000e-01  1.9989e-02
  9.8100e-01  1.8990e-02
  9.8200e-01  1.7990e-02
  9.8300e-01  1.6991e-02
  9.8400e-01  1.5991e-02
  9.8500e-01  1.4992e-02
  9.8600e-01  1.3993e-02
  9.8700e-01  1.2993e-02
  9.8800e-01  1.1994e-02
  9.8900e-01  1.0994e-02
  9.9000e-01  9.9948e-03
  9.9100e-01  8.9953e-03
  9.9200e-01  7.9959e-03
  9.9300e-01  6.9964e-03
  9.9400e-01  5.9969e-03
  9.9500e-01  4.9974e-03
  9.9600e-01  3.9980e-03
  9.9700e-01  2.9985e-03
  9.9800e-01  1.9990e-03
  9.9900e-01  9.9950e-04
  1.0000e+00  5.8886e-18
