  0.0000e+00  0.0000e+00
  1.7982e-02  1.0000e-03
  2.6824e-02  2.0000e-03
  3.5568e-02  3.0000e-03
  4.4215e-02  4.0000e-03
  5.2766e-02  5.0000e-03
  6.1222e-02  6.0000e-03
  6.9584e-02  7.0000e-03
  7.7852e-02  8.0000e-03
  8.6028e-02  9.0000e-03
  9.4113e-02  1.0000e-02
  1.0211e-01  1.1000e-02
  1.1001e-01  1.2000e-02
  1.1783e-01  1.3000e-02
  1.2556e-01  1.4000e-02
  1.3320e-01  1.5000e-02
  1.4075e-01  1.6000e-02
  1.4822e-01  1.7000e-02
  1.5561e-01  1.8000e-02
  1.6291e-01  1.9000e-02
  1.7013e-01  2.0000e-02
  1.7727e-01  2.1000e-02
  1.8432e-01  2.2000e-02
  1.9130e-01  2.3000e-02
  1.9820e-01  2.4000e-02
  2.0501e-01  2.5000e-02
  2.1175e-01  2.6000e-02
  2.1842e-01  2.7000e-02
  2.2500e-01  2.8000e-02
  2.3151e-01  2.9000e-02
  2.3795e-01  3.0000e-02
  2.4431e-01  3.1000e-02
  2.5060e-01  3.2000e-02
  2.5682e-01  3.3000e-02
  2.6296e-01  3.4000e-02
  2.6904e-01  3.5000e-02
  2.7504e-01  3.6000e-02
  2.8097e-01  3.7000e-02
  2.8684e-01  3.8000e-02
  2.9263e-01  3.9000e-02
  2.9836e-01  4.0000e-02
  3.0402e-01  4.1000e-02
  3.0961e-01  4.2000e-02
  3.1514e-01  4.3000e-02
  3.2061e-01  4.4000e-02
  3.2601e-01  4.5000e-02
  3.3134e-01  4.6000e-02
  3.3661e-01  4.7000e-02
  3.4182e-01  4.8000e-02
  3.4697e-01  4.9000e-02
  3.5206e-01  5.0000e-02
  3.5708e-01  5.1000e-02
  3.6205e-01  5.2000e-02
  3.6696e-01  5.3000e-02
  3.7180e-01  5.4000e-02
  3.7659e-01  5.5000e-02
  3.8133e-01  5.6000e-02
  3.8600e-01  5.7000e-02
  3.9062e-01  5.8000e-02
  3.9518e-01  5.9000e-02
  3.9969e-01  6.0000e-02
  4.0414e-01  6.1000e-02
  4.0854e-01  6.2000e-02
  4.1288e-01  6.3000e-02
  4.1717e-01  6.4000e-02
  4.2141e-01  6.5000e-02
  4.2559e-01  6.6000e-02
  4.2973e-01  6.7000e-02
  4.3381e-01  6.8000e-02
  4.3784e-01  6.9000e-02
  4.4182e-01  7.0000e-02
  4.4575e-01  7.1000e-02
  4.4964e-01  7.2000e-02
  4.5347e-01  7.3000e-02
  4.5726e-01  7.4000e-02
  4.6100e-01  7.5000e-02
  4.6469e-01  7.6000e-02
  4.6833e-01  7.7000e-02
  4.7193e-01  7.8000e-02
  4.7548e-01  7.9000e-02
  4.7899e-01  8.0000e-02
  4.8245e-01  8.1000e-02
  4.8587e-01  8.2000e-02
  4.8924e-01  8.3000e-02
  4.9257e-01  8.4000e-02
  4.9586e-01  8.5000e-02
  4.9910e-01  8.6000e-02
  5.0230e-01  8.7000e-02
  5.0546e-01  8.8000e-02
  5.0858e-01  8.9000e-02
  5.1166e-01  9.0000e-02
  5.1469e-01  9.1000e-02
  5.1769e-01  9.2000e-02
  5.2065e-01  9.3000e-02
  5.2356e-01  9.4000e-02
  5.2644e-01  9.5000e-02
  5.2928e-01  9.6000e-02
  5.3208e-01  9.7000e-02
  5.3484e-01  9.8000e-02
  5.3757e-01  9.9000e-02
  5.4026e-01  1.0000e-01
  5.4291e-01  1.0100e-01
  5.4552e-01  1.0200e-01
  5.4810e-01  1.0300e-01
  5.5065e-01  1.0400e-01
  5.5315e-01  1.0500e-01
  5.5563e-01  1.0600e-01
  5.5807e-01  1.0700e-01
  5.6047e-01  1.0800e-01
  5.6284e-01  1.0900e-01
  5.6518e-01  1.1000e-01
  5.6748e-01  1.1100e-01
  5.6975e-01  1.1200e-01
  5.7199e-01  1.1300e-01
  5.7419e-01  1.1400e-01
  5.7637e-01  1.1500e-01
  5.7851e-01  1.1600e-01
  5.8062e-01  1.1700e-01
  5.8270e-01  1.1800e-01
  5.8474e-01  1.1900e-01
  5.8676e-01  1.2000e-01
  5.8875e-01  1.2100e-01
  5.9071e-01  1.2200e-01
  5.9264e-01  1.2300e-01
  5.9454e-01  1.2400e-01
  5.9641e-01  1.2500e-01
  5.9825e-01  1.2600e-01
  6.0006e-01  1.2700e-01
  6.0185e-01  1.2800e-01
  6.0360e-01  1.2900e-01
  6.0533e-01  1.3000e-01
  6.0704e-01  1.3100e-01
  6.0871e-01  1.3200e-01
  6.1036e-01  1.3300e-01
  6.1198e-01  1.3400e-01
  6.1358e-01  1.3500e-01
  6.1515e-01  1.3600e-01
  6.1670e-01  1.3700e-01
  6.1822e-01  1.3800e-01
  6.1971e-01  1.3900e-01
  6.2118e-01  1.4000e-01
  6.2262e-01  1.4100e-01
  6.2404e-01  1.4200e-01
  6.2544e-01  1.4300e-01
  6.2681e-01  1.4400e-01
  6.2816e-01  1.4500e-01
  6.2949e-01  1.4600e-01
  6.3079e-01  1.4700e-01
  6.3207e-01  1.4800e-01
  6.3332e-01  1.4900e-01
  6.3456e-01  1.5000e-01
  6.3577e-01  1.5100e-01
  6.3696e-01  1.5200e-01
  6.3812e-01  1.5300e-01
  6.3927e-01  1.5400e-01
  6.4039e-01  1.5500e-01
  6.4150e-01  1.5600e-01
  6.4258e-01  1.5700e-01
  6.4364e-01  1.5800e-01
  6.4468e-01  1.5900e-01
  6.4570e-01  1.6000e-01
  6.4670e-01  1.6100e-01
  6.4768e-01  1.6200e-01
  6.4864e-01  1.6300e-01
  6.4958e-01  1.6400e-01
  6.5050e-01  1.6500e-01
  6.5140e-01  1.6600e-01
  6.5229e-01  1.6700e-01
  6.5315e-01  1.6800e-01
  6.5400e-01  1.6900e-01
  6.5482e-01  1.7000e-01
  6.5563e-01  1.7100e-01
  6.5642e-01  1.7200e-01
  6.5720e-01  1.7300e-01
  6.5795e-01  1.7400e-01
  6.5869e-01  1.7500e-01
  6.5941e-01  1.7600e-01
  6.6011e-01  1.7700e-01
  6.6080e-01  1.7800e-01
  6.6147e-01  1.7900e-01
  6.6212e-01  1.8000e-01
  6.6275e-01  1.8100e-01
  6.6337e-01  1.8200e-01
  6.6398e-01  1.8300e-01
  6.6456e-01  1.8400e-01
  6.6513e-01  1.8500e-01
  6.6569e-01  1.8600e-01
  6.6623e-01  1.8700e-01
  6.6675e-01  1.8800e-01
  6.6726e-01  1.8900e-01
  6.6776e-01  1.9000e-01
  6.6824e-01  1.9100e-01
  6.6870e-01  1.9200e-01
  6.6915e-01  1.9300e-01
  6.6959e-01  1.9400e-01
  6.7001e-01  1.9500e-01
  6.7041e-01  1.9600e-01
  6.7081e-01  1.9700e-01
  6.7119e-01  1.9800e-01
  6.7155e-01  1.9900e-01
  6.7190e-01  2.0000e-01
  6.7224e-01  2.0100e-01
  6.7256e-01  2.0200e-01
  6.7287e-01  2.0300e-01
  6.7317e-01  2.0400e-01
  6.7346e-01  2.0500e-01
  6.7373e-01  2.0600e-01
  6.7399e-01  2.0700e-01
  6.7423e-01  2.0800e-01
  6.7447e-01  2.0900e-01
  6.7469e-01  2.1000e-01
  6.7490e-01  2.1100e-01
  6.7510e-01  2.1200e-01
  6.7528e-01  2.1300e-01
  6.7546e-01  2.1400e-01
  6.7562e-01  2.1500e-01
  6.7577e-01  2.1600e-01
  6.7591e-01  2.1700e-01
  6.7603e-01  2.1800e-01
  6.7615e-01  2.1900e-01
  6.7625e-01  2.2000e-01
  6.7635e-01  2.2100e-01
  6.7643e-01  2.2200e-01
  6.7650e-01  2.2300e-01
  6.7656e-01  2.2400e-01
  6.7661e-01  2.2500e-01
  6.7665e-01  2.2600e-01
  6.7668e-01  2.2700e-01
  6.7670e-01  2.2800e-01
  6.7671e-01  2.2900e-01
  6.7671e-01  2.3000e-01
  6.7670e-01  2.3100e-01
  6.7667e-01  2.3200e-01
  6.7664e-01  2.3300e-01
  6.7660e-01  2.3400e-01
  6.7655e-01  2.3500e-01
  6.7649e-01  2.3600e-01
  6.7642e-01  2.3700e-01
  6.7634e-01  2.3800e-01
  6.7626e-01  2.3900e-01
  6.7616e-01  2.4000e-01
  6.7605e-01  2.4100e-01
  6.7594e-01  2.4200e-01
  6.7581e-01  2.4300e-01
  6.7568e-01  2.4400e-01
  6.7554e-01  2.4500e-01
  6.7539e-01  2.4600e-01
  6.7523e-01  2.4700e-01
  6.7506e-01  2.4800e-01
  6.7489e-01  2.4900e-01
  6.7470e-01  2.5000e-01
  6.7451e-01  2.5100e-01
  6.7431e-01  2.5200e-01
  6.7410e-01  2.5300e-01
  6.7388e-01  2.5400e-01
  6.7366e-01  2.5500e-01
  6.7343e-01  2.5600e-01
  6.7319e-01  2.5700e-01
  6.7294e-01  2.5800e-01
  6.7269e-01  2.5900e-01
  6.7242e-01  2.6000e-01
  6.7215e-01  2.6100e-01
  6.7188e-01  2.6200e-01
  6.7159e-01  2.6300e-01
  6.7130e-01  2.6400e-01
  6.7100e-01  2.6500e-01
  6.7069e-01  2.6600e-01
  6.7038e-01  2.6700e-01
  6.7006e-01  2.6800e-01
  6.6973e-01  2.6900e-01
  6.6940e-01  2.7000e-01
  6.6906e-01  2.7100e-01
  6.6871e-01  2.7200e-01
  6.6836e-01  2.7300e-01
  6.6800e-01  2.7400e-01
  6.6763e-01  2.7500e-01
  6.6726e-01  2.7600e-01
  6.6688e-01  2.7700e-01
  6.6650e-01  2.7800e-01
  6.6610e-01  2.7900e-01
  6.6571e-01  2.8000e-01
  6.6530e-01  2.8100e-01
  6.6489e-01  2.8200e-01
  6.6448e-01  2.8300e-01
  6.6406e-01  2.8400e-01
  6.6363e-01  2.8500e-01
  6.6319e-01  2.8600e-01
  6.6275e-01  2.8700e-01
  6.6231e-01  2.8800e-01
  6.6186e-01  2.8900e-01
  6.6140e-01  2.9000e-01
  6.6094e-01  2.9100e-01
  6.6048e-01  2.9200e-01
  6.6000e-01  2.9300e-01
  6.5953e-01  2.9400e-01
  6.5904e-01  2.9500e-01
  6.5855e-01  2.9600e-01
  6.5806e-01  2.9700e-01
  6.5756e-01  2.9800e-01
  6.5706e-01  2.9900e-01
  6.5655e-01  3.0000e-01
  6.5604e-01  3.0100e-01
  6.5552e-01  3.0200e-01
  6.5499e-01  3.0300e-01
  6.5447e-01  3.0400e-01
  6.5393e-01  3.0500e-01
  6.5340e-01  3.0600e-01
  6.5285e-01  3.0700e-01
  6.5231e-01  3.0800e-01
  6.5175e-01  3.0900e-01
  6.5120e-01  3.1000e-01
  6.5064e-01  3.1100e-01
  6.5007e-01  3.1200e-01
  6.4950e-01  3.1300e-01
  6.4893e-01  3.1400e-01
  6.4835e-01  3.1500e-01
  6.4777e-01  3.1600e-01
  6.4718e-01  3.1700e-01
  6.4659e-01  3.1800e-01
  6.4599e-01  3.1900e-01
  6.4539e-01  3.2000e-01
  6.4479e-01  3.2100e-01
  6.4418e-01  3.2200e-01
  6.4357e-01  3.2300e-01
  6.4296e-01  3.2400e-01
  6.4234e-01  3.2500e-01
  6.4171e-01  3.2600e-01
  6.4109e-01  3.2700e-01
  6.4046e-01  3.2800e-01
  6.3982e-01  3.2900e-01
  6.3918e-01  3.3000e-01
  6.3854e-01  3.3100e-01
  6.3790e-01  3.3200e-01
  6.3725e-01  3.3300e-01
  6.3659e-01  3.3400e-01
  6.3594e-01  3.3500e-01
  6.3528e-01  3.3600e-01
  6.3461e-01  3.3700e-01
  6.3395e-01  3.3800e-01
  6.3328e-01  3.3900e-01
  6.3260e-01  3.4000e-01
  6.3193e-01  3.4100e-01
  6.3125e-01  3.4200e-01
  6.3056e-01  3.4300e-01
  6.2988e-01  3.4400e-01
  6.2919e-01  3.4500e-01
  6.2849e-01  3.4600e-01
  6.2780e-01  3.4700e-01
  6.2710e-01  3.4800e-01
  6.2640e-01  3.4900e-01
  6.2569e-01  3.5000e-01
  6.2498e-01  3.5100e-01
  6.2427e-01  3.5200e-01
  6.2356e-01  3.5300e-01
  6.2284e-01  3.5400e-01
  6.2212e-01  3.5500e-01
  6.2139e-01  3.5600e-01
  6.2067e-01  3.5700e-01
  6.1994e-01  3.5800e-01
  6.1921e-01  3.5900e-01
  6.1847e-01  3.6000e-01
  6.1774e-01  3.6100e-01
  6.1700e-01  3.6200e-01
  6.1625e-01  3.6300e-01
  6.1551e-01  3.6400e-01
  6.1476e-01  3.6500e-01
  6.1401e-01  3.6600e-01
  6.1326e-01  3.6700e-01
  6.1250e-01  3.6800e-01
  6.1174e-01  3.6900e-01
  6.1098e-01  3.7000e-01
  6.1022e-01  3.7100e-01
  6.0946e-01  3.7200e-01
  6.0869e-01  3.7300e-01
  6.0792e-01  3.7400e-01
  6.0714e-01  3.7500e-01
  6.0637e-01  3.7600e-01
  6.0559e-01  3.7700e-01
  6.0481e-01  3.7800e-01
  6.0403e-01  3.7900e-01
  6.0325e-01  3.8000e-01
  6.0246e-01  3.8100e-01
  6.0167e-01  3.8200e-01
  6.0088e-01  3.8300e-01
  6.0009e-01  3.8400e-01
  5.9929e-01  3.8500e-01
  5.9850e-01  3.8600e-01
  5.9770e-01  3.8700e-01
  5.9690e-01  3.8800e-01
  5.9609e-01  3.8900e-01
  5.9529e-01  3.9000e-01
  5.9448e-01  3.9100e-01
  5.9367e-01  3.9200e-01
  5.9286e-01  3.9300e-01
  5.9204e-01  3.9400e-01
  5.9123e-01  3.9500e-01
  5.9041e-01  3.9600e-01
  5.8959e-01  3.9700e-01
  5.8877e-01  3.9800e-01
  5.8795e-01  3.9900e-01
  5.8712e-01  4.0000e-01
  5.8630e-01  4.0100e-01
  5.8547e-01  4.0200e-01
  5.8464e-01  4.0300e-01
  5.8380e-01  4.0400e-01
  5.8297e-01  4.0500e-01
  5.8214e-01  4.0600e-01
  5.8130e-01  4.0700e-01
  5.8046e-01  4.0800e-01
  5.7962e-01  4.0900e-01
  5.7878e-01  4.1000e-01
  5.7793e-01  4.1100e-01
  5.7709e-01  4.1200e-01
  5.7624e-01  4.1300e-01
  5.7539e-01  4.1400e-01
  5.7454e-01  4.1500e-01
  5.7369e-01  4.1600e-01
  5.7283e-01  4.1700e-01
  5.7198e-01  4.1800e-01
  5.7112e-01  4.1900e-01
  5.7026e-01  4.2000e-01
  5.6940e-01  4.2100e-01
  5.6854e-01  4.2200e-01
  5.6768e-01  4.2300e-01
  5.6681e-01  4.2400e-01
  5.6595e-01  4.2500e-01
  5.6508e-01  4.2600e-01
  5.6421e-01  4.2700e-01
  5.6334e-01  4.2800e-01
  5.6247e-01  4.2900e-01
  5.6160e-01  4.3000e-01
  5.6073e-01  4.3100e-01
  5.5985e-01  4.3200e-01
  5.5897e-01  4.3300e-01
  5.5810e-01  4.3400e-01
  5.5722e-01  4.3500e-01
  5.5634e-01  4.3600e-01
  5.5545e-01  4.3700e-01
  5.5457e-01  4.3800e-01
  5.5369e-01  4.3900e-01
  5.5280e-01  4.4000e-01
  5.5191e-01  4.4100e-01
  5.5103e-01  4.4200e-01
  5.5014e-01  4.4300e-01
  5.4925e-01  4.4400e-01
  5.4835e-01  4.4500e-01
  5.4746e-01  4.4600e-01
  5.4657e-01  4.4700e-01
  5.4567e-01  4.4800e-01
  5.4478e-01  4.4900e-01
  5.4388e-01  4.5000e-01
  5.4298e-01  4.5100e-01
  5.4208e-01  4.5200e-01
  5.4118e-01  4.5300e-01
  5.4028e-01  4.5400e-01
  5.3938e-01  4.5500e-01
  5.3847e-01  4.5600e-01
  5.3757e-01  4.5700e-01
  5.3666e-01  4.5800e-01
  5.3575e-01  4.5900e-01
  5.3485e-01  4.6000e-01
  5.3394e-01  4.6100e-01
  5.3303e-01  4.6200e-01
  5.3212e-01  4.6300e-01
  5.3121e-01  4.6400e-01
  5.3029e-01  4.6500e-01
  5.2938e-01  4.6600e-01
  5.2846e-01  4.6700e-01
  5.2755e-01  4.6800e-01
  5.2663e-01  4.6900e-01
  5.2571e-01  4.7000e-01
  5.2480e-01  4.7100e-01
  5.2388e-01  4.7200e-01
  5.2296e-01  4.7300e-01
  5.2203e-01  4.7400e-01
  5.2111e-01  4.7500e-01
  5.2019e-01  4.7600e-01
  5.1927e-01  4.7700e-01
  5.1834e-01  4.7800e-01
  5.1742e-01  4.7900e-01
  5.1649e-01  4.8000e-01
  5.1556e-01  4.8100e-01
  5.1463e-01  4.8200e-01
  5.1371e-01  4.8300e-01
  5.1278e-01  4.8400e-01
  5.1185e-01  4.8500e-01
  5.1091e-01  4.8600e-01
  5.0998e-01  4.8700e-01
  5.0905e-01  4.8800e-01
  5.0812e-01  4.8900e-01
  5.0718e-01  4.9000e-01
  5.0625e-01  4.9100e-01
  5.0531e-01  4.9200e-01
  5.0438e-01  4.9300e-01
  5.0344e-01  4.9400e-01
  5.0250e-01  4.9500e-01
  5.0156e-01  4.9600e-01
  5.0062e-01  4.9700e-01
  4.9968e-01  4.9800e-01
  4.9874e-01  4.9900e-01
  4.9780e-01  5.0000e-01
  4.9686e-01  5.0100e-01
  4.9592e-01  5.0200e-01
  4.9497e-01  5.0300e-01
  4.9403e-01  5.0400e-01
  4.9308e-01  5.0500e-01
  4.9214e-01  5.0600e-01
  4.9119e-01  5.0700e-01
  4.9025e-01  5.0800e-01
  4.8930e-01  5.0900e-01
  4.8835e-01  5.1000e-01
  4.8740e-01  5.1100e-01
  4.8646e-01  5.1200e-01
  4.8551e-01  5.1300e-01
  4.8456e-01  5.1400e-01
  4.8360e-01  5.1500e-01
  4.8265e-01  5.1600e-01
  4.8170e-01  5.1700e-01
  4.8075e-01  5.1800e-01
  4.7980e-01  5.1900e-01
  4.7884e-01  5.2000e-01
  4.7789e-01  5.2100e-01
  4.7693e-01  5.2200e-01
  4.7598e-01  5.2300e-01
  4.7502e-01  5.2400e-01
  4.7407e-01  5.2500e-01
  4.7311e-01  5.2600e-01
  4.7215e-01  5.2700e-01
  4.7120e-01  5.2800e-01
  4.7024e-01  5.2900e-01
  4.6928e-01  5.3000e-01
  4.6832e-01  5.3100e-01
  4.6736e-01  5.3200e-01
  4.6640e-01  5.3300e-01
  4.6544e-01  5.3400e-01
  4.6448e-01  5.3500e-01
  4.6351e-01  5.3600e-01
  4.6255e-01  5.3700e-01
  4.6159e-01  5.3800e-01
  4.6063e-01  5.3900e-01
  4.5966e-01  5.4000e-01
  4.5870e-01  5.4100e-01
  4.5773e-01  5.4200e-01
  4.5677e-01  5.4300e-01
  4.5580e-01  5.4400e-01
  4.5484e-01  5.4500e-01
  4.5387e-01  5.4600e-01
  4.5291e-01  5.4700e-01
  4.5194e-01  5.4800e-01
  4.5097e-01  5.4900e-01
  4.5000e-01  5.5000e-01
  4.4903e-01  5.5100e-01
  4.4807e-01  5.5200e-01
  4.4710e-01  5.5300e-01
  4.4613e-01  5.5400e-01
  4.4516e-01  5.5500e-01
  4.4419e-01  5.5600e-01
  4.4322e-01  5.5700e-01
  4.4225e-01  5.5800e-01
  4.4127e-01  5.5900e-01
  4.4030e-01  5.6000e-01
  4.3933e-01  5.6100e-01
  4.3836e-01  5.6200e-01
  4.3738e-01  5.6300e-01
  4.3641e-01  5.6400e-01
  4.3544e-01  5.6500e-01
  4.3446e-01  5.6600e-01
  4.3349e-01  5.6700e-01
  4.3251e-01  5.6800e-01
  4.3154e-01  5.6900e-01
  4.3056e-01  5.7000e-01
  4.2959e-01  5.7100e-01
  4.2861e-01  5.7200e-01
  4.2764e-01  5.7300e-01
  4.2666e-01  5.7400e-01
  4.2568e-01  5.7500e-01
  4.2470e-01  5.7600e-01
  4.2373e-01  5.7700e-01
  4.2275e-01  5.7800e-01
  4.2177e-01  5.7900e-01
  4.2079e-01  5.8000e-01
  4.1981e-01  5.8100e-01
  4.1883e-01  5.8200e-01
  4.1786e-01  5.8300e-01
  4.1688e-01  5.8400e-01
  4.1590e-01  5.8500e-01
  4.1491e-01  5.8600e-01
  4.1393e-01  5.8700e-01
  4.1295e-01  5.8800e-01
  4.1197e-01  5.8900e-01
  4.1099e-01  5.9000e-01
  4.1001e-01  5.9100e-01
  4.0903e-01  5.9200e-01
  4.0804e-01  5.9300e-01
  4.0706e-01  5.9400e-01
  4.0608e-01  5.9500e-01
  4.0510e-01  5.9600e-01
  4.0411e-01  5.9700e-01
  4.0313e-01  5.9800e-01
  4.0215e-01  5.9900e-01
  4.0116e-01  6.0000e-01
  4.0018e-01  6.0100e-01
  3.9919e-01  6.0200e-01
  3.9821e-01  6.0300e-01
  3.9722e-01  6.0400e-01
  3.9624e-01  6.0500e-01
  3.9525e-01  6.0600e-01
  3.9427e-01  6.0700e-01
  3.9328e-01  6.0800e-01
  3.9229e-01  6.0900e-01
  3.9131e-01  6.1000e-01
  3.9032e-01  6.1100e-01
  3.8933e-01  6.1200e-01
  3.8835e-01  6.1300e-01
  3.8736e-01  6.1400e-01
  3.8637e-01  6.1500e-01
  3.8538e-01  6.1600e-01
  3.8440e-01  6.1700e-01
  3.8341e-01  6.1800e-01
  3.8242e-01  6.1900e-01
  3.8143e-01  6.2000e-01
  3.8044e-01  6.2100e-01
  3.7945e-01  6.2200e-01
  3.7846e-01  6.2300e-01
  3.7747e-01  6.2400e-01
  3.7649e-01  6.2500e-01
  3.7550e-01  6.2600e-01
  3.7451e-01  6.2700e-01
  3.7352e-01  6.2800e-01
  3.7252e-01  6.2900e-01
  3.7153e-01  6.3000e-01
  3.7054e-01  6.3100e-01
  3.6955e-01  6.3200e-01
  3.6856e-01  6.3300e-01
  3.6757e-01  6.3400e-01
  3.6658e-01  6.3500e-01
  3.6559e-01  6.3600e-01
  3.6460e-01  6.3700e-01
  3.6360e-01  6.3800e-01
  3.6261e-01  6.3900e-01
  3.6162e-01  6.4000e-01
  3.6063e-01  6.4100e-01
  3.5963e-01  6.4200e-01
  3.5864e-01  6.4300e-01
  3.5765e-01  6.4400e-01
  3.5666e-01  6.4500e-01
  3.5566e-01  6.4600e-01
  3.5467e-01  6.4700e-01
  3.5368e-01  6.4800e-01
  3.5268e-01  6.4900e-01
  3.5169e-01  6.5000e-01
  3.5069e-01  6.5100e-01
  3.4970e-01  6.5200e-01
  3.4871e-01  6.5300e-01
  3.4771e-01  6.5400e-01
  3.4672e-01  6.5500e-01
  3.4572e-01  6.5600e-01
  3.4473e-01  6.5700e-01
  3.4373e-01  6.5800e-01
  3.4274e-01  6.5900e-01
  3.4174e-01  6.6000e-01
  3.4075e-01  6.6100e-01
  3.3975e-01  6.6200e-01
  3.3875e-01  6.6300e-01
  3.3776e-01  6.6400e-01
  3.3676e-01  6.6500e-01
  3.3577e-01  6.6600e-01
  3.3477e-01  6.6700e-01
  3.3377e-01  6.6800e-01
  3.3278e-01  6.6900e-01
  3.3178e-01  6.7000e-01
  3.3078e-01  6.7100e-01
  3.2979e-01  6.7200e-01
  3.2879e-01  6.7300e-01
  3.2779e-01  6.7400e-01
  3.2680e-01  6.7500e-01
  3.2580e-01  6.7600e-01
  3.2480e-01  6.7700e-01
  3.2380e-01  6.7800e-01
  3.2281e-01  6.7900e-01
  3.2181e-01  6.8000e-01
  3.2081e-01  6.8100e-01
  3.1981e-01  6.8200e-01
  3.1881e-01  6.8300e-01
  3.1782e-01  6.8400e-01
  3.1682e-01  6.8500e-01
  3.1582e-01  6.8600e-01
  3.1482e-01  6.8700e-01
  3.1382e-01  6.8800e-01
  3.1282e-01  6.8900e-01
  3.1182e-01  6.9000e-01
  3.1082e-01  6.9100e-01
  3.0983e-01  6.9200e-01
  3.0883e-01  6.9300e-01
  3.0783e-01  6.9400e-01
  3.0683e-01  6.9500e-01
  3.0583e-01  6.9600e-01
  3.0483e-01  6.9700e-01
  3.0383e-01  6.9800e-01
  3.0283e-01  6.9900e-01
  3.0183e-01  7.0000e-01
  3.0083e-01  7.0100e-01
  2.9983e-01  7.0200e-01
  2.9883e-01  7.0300e-01
  2.9783e-01  7.0400e-01
  2.9683e-01  7.0500e-01
  2.9583e-01  7.0600e-01
  2.9483e-01  7.0700e-01
  2.9383e-01  7.0800e-01
  2.9283e-01  7.0900e-01
  2.9183e-01  7.1000e-01
  2.9083e-01  7.1100e-01
  2.8983e-01  7.1200e-01
  2.8882e-01  7.1300e-01
  2.8782e-01  7.1400e-01
  2.8682e-01  7.1500e-01
  2.8582e-01  7.1600e-01
  2.8482e-01  7.1700e-01
  2.8382e-01  7.1800e-01
  2.8282e-01  7.1900e-01
  2.8182e-01  7.2000e-01
  2.8081e-01  7.2100e-01
  2.7981e-01  7.2200e-01
  2.7881e-01  7.2300e-01
  2.7781e-01  7.2400e-01
  2.7681e-01  7.2500e-01
  2.7580e-01  7.2600e-01
  2.7480e-01  7.2700e-01
  2.7380e-01  7.2800e-01
  2.7280e-01  7.2900e-01
  2.7180e-01  7.3000e-01
  2.7079e-01  7.3100e-01
  2.6979e-01  7.3200e-01
  2.6879e-01  7.3300e-01
  2.6779e-01  7.3400e-01
  2.6678e-01  7.3500e-01
  2.6578e-01  7.3600e-01
  2.6478e-01  7.3700e-01
  2.6378e-01  7.3800e-01
  2.6277e-01  7.3900e-01
  2.6177e-01  7.4000e-01
  2.6077e-01  7.4100e-01
  2.5976e-01  7.4200e-01
  2.5876e-01  7.4300e-01
  2.5776e-01  7.4400e-01
  2.5676e-01  7.4500e-01
  2.5575e-01  7.4600e-01
  2.5475e-01  7.4700e-01
  2.5375e-01  7.4800e-01
  2.5274e-01  7.4900e-01
  2.5174e-01  7.5000e-01
  2.5074e-01  7.5100e-01
  2.4973e-01  7.5200e-01
  2.4873e-01  7.5300e-01
  2.4772e-01  7.5400e-01
  2.4672e-01  7.5500e-01
  2.4572e-01  7.5600e-01
  2.4471e-01  7.5700e-01
  2.4371e-01  7.5800e-01
  2.4271e-01  7.5900e-01
  2.4170e-01  7.6000e-01
  2.4070e-01  7.6100e-01
  2.3969e-01  7.6200e-01
  2.3869e-01  7.6300e-01
  2.3769e-01  7.6400e-01
  2.3668e-01  7.6500e-01
  2.3568e-01  7.6600e-01
  2.3467e-01  7.6700e-01
  2.3367e-01  7.6800e-01
  2.3266e-01  7.6900e-01
  2.3166e-01  7.7000e-01
  2.3066e-01  7.7100e-01
  2.2965e-01  7.7200e-01
  2.2865e-01  7.7300e-01
  2.2764e-01  7.7400e-01
  2.2664e-01  7.7500e-01
  2.2563e-01  7.7600e-01
  2.2463e-01  7.7700e-01
  2.2362e-01  7.7800e-01
  2.2262e-01  7.7900e-01
  2.2161e-01  7.8000e-01
  2.2061e-01  7.8100e-01
  2.1960e-01  7.8200e-01
  2.1860e-01  7.8300e-01
  2.1759e-01  7.8400e-01
  2.1659e-01  7.8500e-01
  2.1558e-01  7.8600e-01
  2.1458e-01  7.8700e-01
  2.1357e-01  7.8800e-01
  2.1257e-01  7.8900e-01
  2.1156e-01  7.9000e-01
  2.1056e-01  7.9100e-01
  2.0955e-01  7.9200e-01
  2.0855e-01  7.9300e-01
  2.0754e-01  7.9400e-01
  2.0654e-01  7.9500e-01
  2.0553e-01  7.9600e-01
  2.0452e-01  7.9700e-01
  2.0352e-01  7.9800e-01
  2.0251e-01  7.9900e-01
  2.0151e-01  8.0000e-01
  2.0050e-01  8.0100e-01
  1.9950e-01  8.0200e-01
  1.9849e-01  8.0300e-01
  1.9748e-01  8.0400e-01
  1.9648e-01  8.0500e-01
  1.9547e-01  8.0600e-01
  1.9447e-01  8.0700e-01
  1.9346e-01  8.0800e-01
  1.9246e-01  8.0900e-01
  1.9145e-01  8.1000e-01
  1.9044e-01  8.1100e-01
  1.8944e-01  8.1200e-01
  1.8843e-01  8.1300e-01
  1.8743e-01  8.1400e-01
  1.8642e-01  8.1500e-01
  1.8541e-01  8.1600e-01
  1.8441e-01  8.1700e-01
  1.8340e-01  8.1800e-01
  1.8239e-01  8.1900e-01
  1.8139e-01  8.2000e-01
  1.8038e-01  8.2100e-01
  1.7938e-01  8.2200e-01
  1.7837e-01  8.2300e-01
  1.7736e-01  8.2400e-01
  1.7636e-01  8.2500e-01
  1.7535e-01  8.2600e-01
  1.7434e-01  8.2700e-01
  1.7334e-01  8.2800e-01
  1.7233e-01  8.2900e-01
  1.7132e-01  8.3000e-01
  1.7032e-01  8.3100e-01
  1.6931e-01  8.3200e-01
  1.6831e-01  8.3300e-01
  1.6730e-01  8.3400e-01
  1.6629e-01  8.3500e-01
  1.6529e-01  8.3600e-01
  1.6428e-01  8.3700e-01
  1.6327e-01  8.3800e-01
  1.6227e-01  8.3900e-01
  1.6126e-01  8.4000e-01
  1.6025e-01  8.4100e-01
  1.5924e-01  8.4200e-01
  1.5824e-01  8.4300e-01
  1.5723e-01  8.4400e-01
  1.5622e-01  8.4500e-01
  1.5522e-01  8.4600e-01
  1.5421e-01  8.4700e-01
  1.5320e-01  8.4800e-01
  1.5220e-01  8.4900e-01
  1.5119e-01  8.5000e-01
  1.5018e-01  8.5100e-01
  1.4918e-01  8.5200e-01
  1.4817e-01  8.5300e-01
  1.4716e-01  8.5400e-01
  1.4616e-01  8.5500e-01
  1.4515e-01  8.5600e-01
  1.4414e-01  8.5700e-01
  1.4313e-01  8.5800e-01
  1.4213e-01  8.5900e-01
  1.4112e-01  8.6000e-01
  1.4011e-01  8.6100e-01
  1.3911e-01  8.6200e-01
  1.3810e-01  8.6300e-01
  1.3709e-01  8.6400e-01
  1.3608e-01  8.6500e-01
  1.3508e-01  8.6600e-01
  1.3407e-01  8.6700e-01
  1.3306e-01  8.6800e-01
  1.3205e-01  8.6900e-01
  1.3105e-01  8.7000e-01
  1.3004e-01  8.7100e-01
  1.2903e-01  8.7200e-01
  1.2803e-01  8.7300e-01
  1.2702e-01  8.7400e-01
  1.2601e-01  8.7500e-01
  1.2500e-01  8.7600e-01
  1.2400e-01  8.7700e-01
  1.2299e-01  8.7800e-01
  1.2198e-01  8.7900e-01
  1.2097e-01  8.8000e-01
  1.1997e-01  8.8100e-01
  1.1896e-01  8.8200e-01
  1.1795e-01  8.8300e-01
  1.1694e-01  8.8400e-01
  1.1594e-01  8.8500e-01
  1.1493e-01  8.8600e-01
  1.1392e-01  8.8700e-01
  1.1291e-01  8.8800e-01
  1.1191e-01  8.8900e-01
  1.1090e-01  8.9000e-01
  1.0989e-01  8.9100e-01
  1.0888e-01  8.9200e-01
  1.0787e-01  8.9300e-01
  1.0687e-01  8.9400e-01
  1.0586e-01  8.9500e-01
  1.0485e-01  8.9600e-01
  1.0384e-01  8.9700e-01
  1.0284e-01  8.9800e-01
  1.0183e-01  8.9900e-01
  1.0082e-01  9.0000e-01
  9.9813e-02  9.0100e-01
  9.8805e-02  9.0200e-01
  9.7797e-02  9.0300e-01
  9.6790e-02  9.0400e-01
  9.5782e-02  9.0500e-01
  9.4774e-02  9.0600e-01
  9.3766e-02  9.0700e-01
  9.2758e-02  9.0800e-01
  9.1750e-02  9.0900e-01
  9.0743e-02  9.1000e-01
  8.9735e-02  9.1100e-01
  8.8727e-02  9.1200e-01
  8.7719e-02  9.1300e-01
  8.6711e-02  9.1400e-01
  8.5703e-02  9.1500e-01
  8.4695e-02  9.1600e-01
  8.3687e-02  9.1700e-01
  8.2679e-02  9.1800e-01
  8.1671e-02  9.1900e-01
  8.0663e-02  9.2000e-01
  7.9655e-02  9.2100e-01
  7.8647e-02  9.2200e-01
  7.7639e-02  9.2300e-01
  7.6631e-02  9.2400e-01
  7.5623e-02  9.2500e-01
  7.4615e-02  9.2600e-01
  7.3607e-02  9.2700e-01
  7.2599e-02  9.2800e-01
  7.1591e-02  9.2900e-01
  7.0583e-02  9.3000e-01
  6.9575e-02  9.3100e-01
  6.8567e-02  9.3200e-01
  6.7559e-02  9.3300e-01
  6.6551e-02  9.3400e-01
  6.5543e-02  9.3500e-01
  6.4534e-02  9.3600e-01
  6.3526e-02  9.3700e-01
  6.2518e-02  9.3800e-01
  6.1510e-02  9.3900e-01
  6.0502e-02  9.4000e-01
  5.9494e-02  9.4100e-01
  5.8486e-02  9.4200e-01
  5.7477e-02  9.4300e-01
  5.6469e-02  9.4400e-01
  5.5461e-02  9.4500e-01
  5.4453e-02  9.4600e-01
  5.3445e-02  9.4700e-01
  5.2436e-02  9.4800e-01
  5.1428e-02  9.4900e-01
  5.0420e-02  9.5000e-01
  4.9412e-02  9.5100e-01
  4.8403e-02  9.5200e-01
  4.7395e-02  9.5300e-01
  4.6387e-02  9.5400e-01
  4.5379e-02  9.5500e-01
  4.4370e-02  9.5600e-01
  4.3362e-02  9.5700e-01
  4.2354e-02  9.5800e-01
  4.1345e-02  9.5900e-01
  4.0337e-02  9.6000e-01
  3.9329e-02  9.6100e-01
  3.8321e-02  9.6200e-01
  3.7312e-02  9.6300e-01
  3.6304e-02  9.6400e-01
  3.5296e-02  9.6500e-01
  3.4287e-02  9.6600e-01
  3.3279e-02  9.6700e-01
  3.2270e-02  9.6800e-01
  3.1262e-02  9.6900e-01
  3.0254e-02  9.7000e-01
  2.9245e-02  9.7100e-01
  2.8237e-02  9.7200e-01
  2.7229e-02  9.7300e-01
  2.6220e-02  9.7400e-01
  2.5212e-02  9.7500e-01
  2.4203e-02  9.7600e-01
  2.3195e-02  9.7700e-01
  2.2187e-02  9.7800e-01
  2.1178e-02  9.7900e-01
  2.0170e-02  9.8000e-01
  1.9161e-02  9.8100e-01
  1.8153e-02  9.8200e-01
  1.7144e-02  9.8300e-01
  1.6136e-02  9.8400e-01
  1.5127e-02  9.8500e-01
  1.4119e-02  9.8600e-01
  1.3111e-02  9.8700e-01
  1.2102e-02  9.8800e-01
  1.1094e-02  9.8900e-01
  1.0085e-02  9.9000e-01
  9.0766e-03  9.9100e-01
  8.0681e-03  9.9200e-01
  7.0596e-03  9.9300e-01
  6.0511e-03  9.9400e-01
  5.0426e-03  9.9500e-01
  4.0341e-03  9.9600e-01
  3.0256e-03  9.9700e-01
  2.0171e-03  9.9800e-01
  1.0085e-03  9.9900e-01
  0.0000e+00  1.0000e+00
