  0.0000e+00  0.0000e+00
  1.7830e-01  1.0000e-02
  2.5340e-01  2.0000e-02
  3.2032e-01  3.0000e-02
  3.7983e-01  4.0000e-02
  4.3263e-01  5.0000e-02
  4.7937e-01  6.0000e-02
  5.2062e-01  7.0000e-02
  5.5690e-01  8.0000e-02
  5.8869e-01  9.0000e-02
  6.1642e-01  1.0000e-01
  6.4046e-01  1.1000e-01
  6.6118e-01  1.2000e-01
  6.7889e-01  1.3000e-01
  6.9387e-01  1.4000e-01
  7.0638e-01  1.5000e-01
  7.1667e-01  1.6000e-01
  7.2493e-01  1.7000e-01
  7.3137e-01  1.8000e-01
  7.3615e-01  1.9000e-01
  7.3944e-01  2.0000e-01
  7.4138e-01  2.1000e-01
  7.4209e-01  2.2000e-01
  7.4169e-01  2.3000e-01
  7.4029e-01  2.4000e-01
  7.3798e-01  2.5000e-01
  7.3486e-01  2.6000e-01
  7.3098e-01  2.7000e-01
  7.2644e-01  2.8000e-01
  7.2129e-01  2.9000e-01
  7.1559e-01  3.0000e-01
  7.0939e-01  3.1000e-01
  7.0274e-01  3.2000e-01
  6.9569e-01  3.3000e-01
  6.8826e-01  3.4000e-01
  6.8050e-01  3.5000e-01
  6.7244e-01  3.6000e-01
  6.6410e-01  3.7000e-01
  6.5552e-01  3.8000e-01
  6.4672e-01  3.9000e-01
  6.3771e-01  4.0000e-01
  6.2852e-01  4.1000e-01
  6.1916e-01  4.2000e-01
  6.0965e-01  4.3000e-01
  6.0001e-01  4.4000e-01
  5.9025e-01  4.5000e-01
  5.8037e-01  4.6000e-01
  5.7039e-01  4.7000e-01
  5.6032e-01  4.8000e-01
  5.5017e-01  4.9000e-01
  5.3995e-01  5.0000e-01
  5.2966e-01  5.1000e-01
  5.1930e-01  5.2000e-01
  5.0890e-01  5.3000e-01
  4.9844e-01  5.4000e-01
  4.8793e-01  5.5000e-01
  4.7739e-01  5.6000e-01
  4.6681e-01  5.7000e-01
  4.5619e-01  5.8000e-01
  4.4555e-01  5.9000e-01
  4.3488e-01  6.0000e-01
  4.2418e-01  6.1000e-01
  4.1346e-01  6.2000e-01
  4.0272e-01  6.3000e-01
  3.9196e-01  6.4000e-01
  3.8119e-01  6.5000e-01
  3.7040e-01  6.6000e-01
  3.5960e-01  6.7000e-01
  3.4878e-01  6.8000e-01
  3.3795e-01  6.9000e-01
  3.2712e-01  7.0000e-01
  3.1627e-01  7.1000e-01
  3.0542e-01  7.2000e-01
  2.9455e-01  7.3000e-01
  2.8369e-01  7.4000e-01
  2.7281e-01  7.5000e-01
  2.6193e-01  7.6000e-01
  2.5105e-01  7.7000e-01
  2.4016e-01  7.8000e-01
  2.2926e-01  7.9000e-01
  2.1836e-01  8.0000e-01
  2.0746e-01  8.1000e-01
  1.9656e-01  8.2000e-01
  1.8565e-01  8.3000e-01
  1.7474e-01  8.4000e-01
  1.6383e-01  8.5000e-01
  1.5292e-01  8.6000e-01
  1.4200e-01  8.7000e-01
  1.3109e-01  8.8000e-01
  1.2017e-01  8.9000e-01
  1.0925e-01  9.0000e-01
  9.8328e-02  9.1000e-01
  8.7406e-02  9.2000e-01
  7.6483e-02  9.3000e-01
  6.5559e-02  9.4000e-01
  5.4634e-02  9.5000e-01
  4.3709e-02  9.6000e-01
  3.2782e-02  9.7000e-01
  2.1855e-02  9.8000e-01
  1.0928e-02  9.9000e-01
  0.0000e+00  1.0000e+00
